14529
15848
25985
785
9228
26327
200546
18271
287357
15599
25901
29826
25701
15068
2828
2889
317277
206163
3806
6482
324473
53038
276775
291345
51875
4988
3552
71542
74933
3018
26746
122
132
75043
8976
5b54bb42-099e-4e86-8bef-ff728683ae77
63173
10889
16314
7133
3931
301377
7135
2714
e84b9b38-cc01-45fa-b580-078d222a8980
209193
566
58408
2698
2998
2740
26201
2310
4904
5019
7087
31701
ea0ef615-d977-4e7e-b4e8-a1de7fd4c42b
62590
31795
310829
26112
60859
324443
25765
61d3bd07-07bb-49b5-8018-af6d92afdb28
5603
7601766f-f887-472a-9eae-8c4d68edc9dc
3184fdec-cb60-4c40-84ab-f8a38e7f377a
26469
2934
26352
78423
275457
378
3592
2788
275
77571
250
57531
3401
299255
21741
294745
15418
32584
11295
6018
5305
962
75252
9976
46990
3303
214579
300149
fbac6f55-fc0a-4db9-a18a-4017c68181b8
19211
555
337449
23454
3c92611a-3cf4-4c37-bdf7-bc7b89dce741
277471
27598
3157
3131
8628
77897
eb5f71b1-8c61-418e-90ad-6dd63a43fd53
5632
8977
2971
31008
15264
28453
3485
18939
44361
11116
10332
8817
30315
276169
26660
5649
6437
29364
6448
205419
7872
312497
313533
3507
38024
6710
293007
269053
25
66992
9759
2579
339195
24e39f13-b952-4a2d-833d-039c25e548b3
19419
351691
2755
5020
17538
2876
2591
8685
367107
75533
8760
4961
60418
8a8fb527-4f37-476f-a08c-3bec6cbc67d3
10238
29364
333717
53046
4905
405
9611
5355
8838
12900
310023
60777
23303
22878
68859
78533
26460
2819
69375
2975
37168985-5d69-4f0e-aa19-f37b305e5d2b
26494
4977
33786
1310
77626
4294
317587
6765
204609
284489
5445
e4a5eaea-f48c-45f2-8a44-4a6fa01a3d8e
64433
68308
387
5609
9350
59305
5109
7130
4697
38155
8933
606e4ac2-f2c1-49a9-a54f-e1de5a21b20b
35732
272053
8897
bcfa16a6-b64a-4f7e-a25b-86f02fd00aa4
368057
323145
77613
5727
32118
344379
327881
3485
16314
3304
212971
5935
14851
291883
5623
324443
10896
36448
38822
6792
269931
79244
330375
344985